0
2
5
7
10
12
15
17
20
23
25
28
30
33
35
38
40
43
46
48
51
53
56
58
61
64
66
69
71
74
76
79
81
84
87
89
92
94
97
99
102
104
107
110
112
115
117
120
122
125
128
130
133
135
138
140
143
145
148
151
153
156
158
161
163
166
168
171
174
176
179
181
184
186
189
192
194
197
199
202
204
207
209
212
215
217
220
222
225
227
230
232
235
238
240
243
245
248
250
253
253
250
248
245
243
240
238
235
232
230
227
225
222
220
217
215
212
209
207
204
202
199
197
194
192
189
186
184
181
179
176
174
171
168
166
163
161
158
156
153
151
148
145
143
140
138
135
133
130
128
125
122
120
117
115
112
110
107
104
102
99
97
94
92
89
87
84
81
79
76
74
71
69
66
64
61
58
56
53
51
48
46
43
40
38
35
33
30
28
25
23
20
17
15
12
10
7
5
2
0