10010000100000000000000000000000
10010001000000000000000000010100
10010000100001000000000000000101
00000000000000000000000000000000
00000000000000000000000000000000
00000000000000000000000000000000
00000000000000000000000000000000
00100000000000000001111111111001
00000000000000000000000000000000
00000000000000000000000000000000
00000000000000000000000000000000
00000000000000000000000000000000
10010101001010000000000000010100
00000000000000000000000000000000
00000000000000000000000000000000
00010000000000000001111111110001
00000000000000000000000000000000
00000000000000000000000000000000
10010010100000000000000000110111
